31.500425 31.500416 31.463655
31.49853 31.498531 31.440334
31.503551 31.503551 31.363358
31.501371 31.501368 31.556217
31.497162 31.49717 31.513851
31.498466 31.49847 31.494678
31.499905 31.4999 31.352285
31.498585 31.498577 31.512728
31.501312 31.501314 31.535654
31.497925 31.497927 31.446306
31.501762 31.501772 31.478485
31.499643 31.499634 31.639786
31.502995 31.50299 31.486904
31.50113 31.50113 31.495916
31.498075 31.498074 31.408203
31.502396 31.502396 31.601845
31.500353 31.500357 31.555885
